11111010010101110110001100011011 1
11000111101001011110010110011001 2
00111111100011010111111011110101 3
10100101010000111011100101101000 4
11011111101010101100110010001010 5
10010000101111100100101101111100 6
01010010011001000101001000001110 7
00100110100001001111100110011001 8
00011100011100010001001000000101 9
11111001010100100100000010111111 10
10000100101101000111001111010001 11
11100110011101110101100000011010 12
00010101011111100100001000110000 13
01100000111010111110010000001110 14
01110010101010100010110001001010 15
10111110000000110101011011110101 16
11100110100100101100000011001101 17
11101001110111000001011010000001 18
01001110110011000110011111010000 19
11101101000111100010011011001000 20
01001111001001010011100010110100 21
00010100001000011011001111110011 22
11110111010101011110100111100111 23
11101100010010000110000101111011 24
01111001101010110011010110111111 25